   0.0000000e+00   9.7929031e+01
   2.4000467e-03   9.7809955e+01
   4.8000933e-03   9.7691040e+01
   7.2001400e-03   9.7572277e+01
   9.6001866e-03   9.7453675e+01
   1.2000233e-02   9.7335233e+01
   1.4400280e-02   9.7216945e+01
   1.6800327e-02   9.7098820e+01
   1.9200373e-02   9.6980852e+01
   2.1600420e-02   9.6863032e+01
   2.4000467e-02   9.6745378e+01
   2.6400513e-02   9.6627884e+01
   2.8800560e-02   9.6510547e+01
   3.1200607e-02   9.6393367e+01
   3.3600653e-02   9.6276338e+01
   3.6000700e-02   9.6159482e+01
   3.8400746e-02   9.6042773e+01
   4.0800793e-02   9.5926219e+01
   4.3200840e-02   9.5809836e+01
   4.5600886e-02   9.5693602e+01
   4.8000933e-02   9.5577521e+01
   5.0400980e-02   9.5461594e+01
   5.2801026e-02   9.5345841e+01
   5.5201073e-02   9.5230242e+01
   5.7601120e-02   9.5114795e+01
   6.0001166e-02   9.4999502e+01
   6.2401213e-02   9.4884362e+01
   6.4801260e-02   9.4769389e+01
   6.7201306e-02   9.4654574e+01
   6.9601353e-02   9.4539914e+01
   7.2001400e-02   9.4425413e+01
   7.4401446e-02   9.4311072e+01
   7.6801493e-02   9.4196889e+01
   7.9201540e-02   9.4082852e+01
   8.1601586e-02   9.3968986e+01
   8.4001633e-02   9.3855262e+01
   8.6401680e-02   9.3741710e+01
   8.8801726e-02   9.3628312e+01
   9.1201773e-02   9.3515066e+01
   9.3601820e-02   9.3401971e+01
   9.6001866e-02   9.3311719e+01
   9.8401913e-02   9.3628538e+01
   1.0080196e-01   9.4352786e+01
   1.0320201e-01   9.5341002e+01
   1.0560205e-01   9.6494260e+01
   1.0800210e-01   9.7742387e+01
   1.1040215e-01   9.9040830e+01
   1.1280219e-01   1.0035300e+02
   1.1520224e-01   1.0165762e+02
   1.1760229e-01   1.0294093e+02
   1.2000233e-01   1.0419131e+02
   1.2240238e-01   1.0540671e+02
   1.2480243e-01   1.0657794e+02
   1.2720247e-01   1.0770856e+02
   1.2960252e-01   1.0879806e+02
   1.3200257e-01   1.0984527e+02
   1.3440261e-01   1.1084646e+02
   1.3680266e-01   1.1180817e+02
   1.3920271e-01   1.1273086e+02
   1.4160275e-01   1.1361560e+02
   1.4400280e-01   1.1446131e+02
   1.4640285e-01   1.1526859e+02
   1.4880289e-01   1.1604155e+02
   1.5120294e-01   1.1678129e+02
   1.5360299e-01   1.1748888e+02
   1.5600303e-01   1.1816353e+02
   1.5840308e-01   1.1880583e+02
   1.6080313e-01   1.1941925e+02
   1.6320317e-01   1.2000476e+02
   1.6560322e-01   1.2056324e+02
   1.6800327e-01   1.2109403e+02
   1.7040331e-01   1.2159762e+02
   1.7280336e-01   1.2207691e+02
   1.7520341e-01   1.2253267e+02
   1.7760345e-01   1.2296566e+02
   1.8000350e-01   1.2337526e+02
   1.8240355e-01   1.2376186e+02
   1.8480359e-01   1.2412788e+02
   1.8720364e-01   1.2447396e+02
   1.8960369e-01   1.2480068e+02
   1.9200373e-01   1.2510750e+02
   1.9440378e-01   1.2539469e+02
   1.9680383e-01   1.2566430e+02
   1.9920387e-01   1.2591681e+02
   2.0160392e-01   1.2615271e+02
   2.0400397e-01   1.2637148e+02
   2.0640401e-01   1.2657331e+02
   2.0880406e-01   1.2675992e+02
   2.1120411e-01   1.2693171e+02
   2.1360415e-01   1.2708904e+02
   2.1600420e-01   1.2723142e+02
   2.1840425e-01   1.2735898e+03
   2.2080429e-01   1.2747317e+02
   2.2320434e-01   1.2757431e+02
   2.2560439e-01   1.2766267e+02
   2.2800443e-01   1.2773777e+02
   2.3040448e-01   1.2779969e+02
   2.3280453e-01   1.2784966e+02
   2.3520457e-01   1.2788793e+02
   2.3760462e-01   1.2791470e+02
   2.4000467e-01   1.2792950e+02
   2.4240471e-01   1.2793233e+02
   2.4480476e-01   1.2792428e+02
   2.4720481e-01   1.2790552e+02
   2.4960485e-01   1.2787620e+02
   2.5200490e-01   1.2783584e+02
   2.5440495e-01   1.2778438e+02
   2.5680499e-01   1.2772279e+02
   2.5920504e-01   1.2765119e+02
   2.6160509e-01   1.2756966e+02
   2.6400513e-01   1.2747770e+02
   2.6640518e-01   1.2737521e+02
   2.6880523e-01   1.2726384e+02
   2.7120527e-01   1.2713625e+02
   2.7360532e-01   1.2698398e+02
   2.7600537e-01   1.2682668e+02
   2.7840541e-01   1.2666959e+02
   2.8080546e-01   1.2651272e+02
   2.8320551e-01   1.2635607e+02
   2.8560555e-01   1.2619964e+02
   2.8800560e-01   1.2604341e+02
   2.9040565e-01   1.2588740e+02
   2.9280569e-01   1.2573161e+02
   2.9520574e-01   1.2557602e+02
   2.9760579e-01   1.2542065e+02
   3.0000583e-01   1.2526548e+02
   3.0240588e-01   1.2511053e+02
   3.0480593e-01   1.2495580e+02
   3.0720597e-01   1.2480128e+02
   3.0960602e-01   1.2464697e+02
   3.1200607e-01   1.2449286e+02
   3.1440611e-01   1.2433896e+02
   3.1680616e-01   1.2418529e+02
   3.1920620e-01   1.2403182e+02
   3.2160625e-01   1.2387856e+02
   3.2400630e-01   1.2372550e+02
   3.2640634e-01   1.2357265e+02
   3.2880639e-01   1.2342003e+02
   3.3120644e-01   1.2326760e+02
   3.3360648e-01   1.2311538e+02
   3.3600653e-01   1.2296336e+02
   3.3840658e-01   1.2281155e+02
   3.4080662e-01   1.2265997e+02
   3.4320667e-01   1.2250858e+02
   3.4560672e-01   1.2235740e+02
   3.4800676e-01   1.2220641e+02
   3.5040681e-01   1.2205564e+02
   3.5280686e-01   1.2190509e+02
   3.5520690e-01   1.2175473e+02
   3.5760695e-01   1.2160458e+02
   3.6000700e-01   1.2145462e+02
   3.6240704e-01   1.2130489e+02
   3.6480709e-01   1.2115535e+02
   3.6720714e-01   1.2100603e+02
   3.6960718e-01   1.2085691e+02
   3.7200723e-01   1.2070799e+02
   3.7440728e-01   1.2055927e+02
   3.7680732e-01   1.2041077e+02
   3.7920737e-01   1.2026247e+02
   3.8160742e-01   1.2011438e+02
   3.8400746e-01   1.1996649e+02
   3.8640751e-01   1.1981881e+02
   3.8880756e-01   1.1967133e+02
   3.9120760e-01   1.1952406e+02
   3.9360765e-01   1.1937699e+02
   3.9600770e-01   1.1923013e+02
   3.9840774e-01   1.1908348e+02
   4.0080779e-01   1.1893703e+02
   4.0320784e-01   1.1879077e+02
   4.0560788e-01   1.1864474e+02
   4.0800793e-01   1.1849890e+02
   4.1040798e-01   1.1835327e+02
   4.1280802e-01   1.1820785e+02
   4.1520807e-01   1.1806263e+02
   4.1760812e-01   1.1791760e+02
   4.2000816e-01   1.1777280e+02
   4.2240821e-01   1.1762818e+02
   4.2480826e-01   1.1748379e+02
   4.2720830e-01   1.1733958e+02
   4.2960835e-01   1.1719557e+02
   4.3200840e-01   1.1705178e+02
   4.3440844e-01   1.1690819e+02
   4.3680849e-01   1.1676479e+02
   4.3920854e-01   1.1662159e+02
   4.4160858e-01   1.1647861e+02
   4.4400863e-01   1.1633582e+02
   4.4640868e-01   1.1619323e+02
   4.4880872e-01   1.1605084e+02
   4.5120877e-01   1.1590864e+02
   4.5360882e-01   1.1576666e+02
   4.5600886e-01   1.1562488e+02
   4.5840891e-01   1.1548329e+02
   4.6080896e-01   1.1534190e+02
   4.6320900e-01   1.1520069e+02
   4.6560905e-01   1.1505971e+02
   4.6800910e-01   1.1491893e+02
   4.7040914e-01   1.1477833e+02
   4.7280919e-01   1.1463793e+02
   4.7520924e-01   1.1449772e+02
   4.7760928e-01   1.1435774e+02
   4.8000933e-01   1.1421794e+02
   4.8240938e-01   1.1407833e+02
   4.8480942e-01   1.1393892e+02
   4.8720947e-01   1.1379970e+02
   4.8960952e-01   1.1366069e+02
   4.9200956e-01   1.1352188e+02
   4.9440961e-01   1.1338326e+02
   4.9680966e-01   1.1324482e+02
   4.9920970e-01   1.1310658e+02
   5.0160975e-01   1.1296855e+02
   5.0400980e-01   1.1283072e+02
   5.0640984e-01   1.1269307e+02
   5.0880989e-01   1.1255561e+02
   5.1120994e-01   1.1241834e+02
   5.1360998e-01   1.1228129e+02
   5.1601003e-01   1.1214443e+03
   5.1841008e-01   1.1200775e+02
   5.2081012e-01   1.1187126e+02
   5.2321017e-01   1.1173496e+02
   5.2561022e-01   1.1159887e+02
   5.2801026e-01   1.1146297e+02
   5.3041031e-01   1.1132726e+02
   5.3281036e-01   1.1119173e+02
   5.3521040e-01   1.1105639e+02
   5.3761045e-01   1.1092127e+02
   5.4001050e-01   1.1078633e+02
   5.4241054e-01   1.1065157e+02
   5.4481059e-01   1.1051700e+02
   5.4721064e-01   1.1038262e+02
   5.4961068e-01   1.1024844e+02
   5.5201073e-01   1.1011446e+02
   5.5441078e-01   1.0998065e+02
   5.5681082e-01   1.0984704e+02
   5.5921087e-01   1.0971360e+02
   5.6161092e-01   1.0958038e+02
   5.6401096e-01   1.0944734e+02
   5.6641101e-01   1.0931448e+02
   5.6881106e-01   1.0918180e+02
   5.7121110e-01   1.0904931e+02
   5.7361115e-01   1.0891703e+02
   5.7601120e-01   1.0878493e+02
   5.7841124e-01   1.0865301e+02
   5.8081129e-01   1.0852128e+02
   5.8321134e-01   1.0838973e+02
   5.8561138e-01   1.0825838e+02
   5.8801143e-01   1.0812722e+02
   5.9041148e-01   1.0799623e+02
   5.9281152e-01   1.0786543e+02
   5.9521157e-01   1.0773481e+02
   5.9761162e-01   1.0760439e+02
   6.0001166e-01   1.0747416e+02
   6.0241171e-01   1.0734410e+02
   6.0481176e-01   1.0721423e+02
   6.0721180e-01   1.0708453e+02
   6.0961185e-01   1.0695504e+02
   6.1201190e-01   1.0682573e+02
   6.1441194e-01   1.0669659e+02
   6.1681199e-01   1.0656764e+02
   6.1921204e-01   1.0643886e+02
   6.2161208e-01   1.0631029e+02
   6.2401213e-01   1.0618190e+02
   6.2641218e-01   1.0605368e+02
   6.2881222e-01   1.0592564e+02
   6.3121227e-01   1.0579778e+02
   6.3361232e-01   1.0567012e+02
   6.3601236e-01   1.0554263e+02
   6.3841241e-01   1.0541533e+02
   6.4081246e-01   1.0528819e+02
   6.4321250e-01   1.0516124e+02
   6.4561255e-01   1.0503449e+02
   6.4801260e-01   1.0490791e+02
   6.5041264e-01   1.0478151e+02
   6.5281269e-01   1.0465528e+02
   6.5521274e-01   1.0452923e+02
   6.5761278e-01   1.0440337e+02
   6.6001283e-01   1.0427770e+02
   6.6241288e-01   1.0415219e+02
   6.6481292e-01   1.0402686e+02
   6.6721297e-01   1.0390170e+02
   6.6961302e-01   1.0377675e+02
   6.7201306e-01   1.0365196e+02
   6.7441311e-01   1.0352735e+02
   6.7681316e-01   1.0340291e+02
   6.7921320e-01   1.0327865e+02
   6.8161325e-01   1.0315458e+02
   6.8401330e-01   1.0303068e+02
   6.8641334e-01   1.0290696e+02
   6.8881339e-01   1.0278340e+02
   6.9121344e-01   1.0266002e+02
   6.9361348e-01   1.0253683e+02
   6.9601353e-01   1.0241382e+02
   6.9841358e-01   1.0229098e+02
   7.0081362e-01   1.0216830e+02
   7.0321367e-01   1.0204580e+02
   7.0561372e-01   1.0192349e+02
   7.0801376e-01   1.0180135e+02
   7.1041381e-01   1.0167938e+02
   7.1281386e-01   1.0155758e+02
   7.1521390e-01   1.0143595e+02
   7.1761395e-01   1.0131452e+02
   7.2001400e-01   1.0119325e+02
   7.2241404e-01   1.0107215e+02
   7.2481409e-01   1.0095122e+02
   7.2721414e-01   1.0083045e+02
   7.2961418e-01   1.0070988e+02
   7.3201423e-01   1.0058948e+02
   7.3441428e-01   1.0046924e+02
   7.3681432e-01   1.0034917e+02
   7.3921437e-01   1.0022927e+02
   7.4161442e-01   1.0010956e+02
   7.4401446e-01   9.9990013e+01
   7.4641451e-01   9.9870634e+01
   7.4881456e-01   9.9751421e+01
   7.5121460e-01   9.9632374e+01
   7.5361465e-01   9.9513516e+01
   7.5601470e-01   9.9394823e+01
   7.5841474e-01   9.9276296e+01
   7.6081479e-01   9.9157934e+01
   7.6321484e-01   9.9039736e+01
   7.6561488e-01   9.8921726e+01
   7.6801493e-01   9.8803881e+01
   7.7041498e-01   9.8686199e+01
   7.7281502e-01   9.8568681e+01
   7.7521507e-01   9.8451327e+01
   7.7761512e-01   9.8334160e+01
   7.8001516e-01   9.8217155e+01
   7.8241521e-01   9.8100314e+01
   7.8481526e-01   9.7983635e+01
   7.8721530e-01   9.7867119e+01
   7.8961535e-01   9.7750788e+01
   7.9201540e-01   9.7634619e+01
   7.9441544e-01   9.7518611e+01
   7.9681549e-01   9.7402766e+01
   7.9921554e-01   9.7287081e+01
   8.0161558e-01   9.7171572e+01
   8.0401563e-01   9.7056228e+01
   8.0641568e-01   9.6941049e+01
   8.0881572e-01   9.6826036e+01
   8.1121577e-01   9.6711192e+01
   8.1361582e-01   9.6596509e+01
   8.1601586e-01   9.6481995e+01
   8.1841591e-01   9.6367641e+01
   8.2081596e-01   9.6253447e+01
   8.2321600e-01   9.6139425e+01
   8.2561605e-01   9.6025572e+01
   8.2801610e-01   9.5911878e+01
   8.3041614e-01   9.5798345e+01
   8.3281619e-01   9.5684988e+01
   8.3521624e-01   9.5571780e+01
   8.3761628e-01   9.5458750e+01
   8.4001633e-01   9.5345876e+01
   8.4241638e-01   9.5233161e+01
   8.4481642e-01   9.5120625e+01
   8.4721647e-01   9.5008249e+01
   8.4961652e-01   9.4896032e+01
   8.5201656e-01   9.4783973e+01
   8.5441661e-01   9.4672075e+01
   8.5681666e-01   9.4560357e+01
   8.5921670e-01   9.4448798e+01
   8.6161675e-01   9.4337384e+01
   8.6401680e-01   9.4226147e+01
   8.6641684e-01   9.4115077e+01
   8.6881689e-01   9.4004165e+01
   8.7121694e-01   9.3893416e+01
   8.7361698e-01   9.3782825e+01
   8.7601703e-01   9.3672407e+01
   8.7841708e-01   9.3562137e+01
   8.8081712e-01   9.3452044e+01
   8.8321717e-01   9.3342097e+01
   8.8561722e-01   9.3232329e+01
   8.8801726e-01   9.3122717e+01
   8.9041731e-01   9.3013262e+01
   8.9281736e-01   9.2903964e+01
   8.9521740e-01   9.2794824e+01
   8.9761745e-01   9.2941666e+01
   9.0001750e-01   9.3549204e+01
   9.0241754e-01   9.4463328e+01
   9.0481759e-01   9.5573611e+01
   9.0721764e-01   9.6798387e+01
   9.0961768e-01   9.8085621e+01
   9.1201773e-01   9.9396812e+01
   9.1441778e-01   1.0070675e+02
   9.1681782e-01   1.0200041e+02
   9.1921787e-01   1.0326274e+02
   9.2161792e-01   1.0449201e+02
   9.2401796e-01   1.0567801e+02
   9.2641801e-01   1.0682570e+02
   9.2881806e-01   1.0793225e+02
   9.3121810e-01   1.0899134e+02
   9.3361815e-01   1.1000944e+02
   9.3601820e-01   1.1098733e+02
   9.3841824e-01   1.1192606e+02
   9.4081829e-01   1.1282493e+02
   9.4321833e-01   1.1368303e+02
   9.4561838e-01   1.1450532e+02
   9.4801843e-01   1.1529293e+02
   9.5041847e-01   1.1604696e+02
   9.5281852e-01   1.1676716e+02
   9.5521857e-01   1.1745293e+02
   9.5761861e-01   1.1810854e+02
   9.6001866e-01   1.1873496e+02
   9.6241871e-01   1.1933315e+02
   9.6481875e-01   1.1990291e+02
   9.6721880e-01   1.2044374e+02
   9.6961885e-01   1.2095919e+02
   9.7201889e-01   1.2145009e+02
   9.7441894e-01   1.2191722e+02
   9.7681899e-01   1.2236039e+02
   9.7921903e-01   1.2277913e+02
   9.8161908e-01   1.2317643e+02
   9.8401913e-01   1.2355295e+02
   9.8641917e-01   1.2390931e+02
   9.8881922e-01   1.2424533e+02
   9.9121927e-01   1.2456057e+02
   9.9361931e-01   1.2485753e+02
   9.9601936e-01   1.2513674e+02
   9.9841941e-01   1.2539870e+02
   1.0008195e+00   1.2564320e+02
   1.0032195e+00   1.2586983e+02
   1.0056195e+00   1.2608070e+02
   1.0080196e+00   1.2627622e+02
   1.0104196e+00   1.2645679e+02
   1.0128197e+00   1.2662218e+02
   1.0152197e+00   1.2677200e+02
   1.0176198e+00   1.2690803e+02
   1.0200198e+00   1.2703060e+02
   1.0224199e+00   1.2714001e+02
   1.0248199e+00   1.2723603e+02
   1.0272200e+00   1.2731825e+02
   1.0296200e+00   1.2738821e+02
   1.0320201e+00   1.2744616e+02
   1.0344201e+00   1.2749234e+02
   1.0368202e+00   1.2752647e+02
   1.0392202e+00   1.2754815e+02
   1.0416202e+00   1.2755872e+02
   1.0440203e+00   1.2755837e+02
   1.0464203e+00   1.2754726e+02
   1.0488204e+00   1.2752510e+02
   1.0512204e+00   1.2749147e+02
   1.0536205e+00   1.2744756e+02
   1.0560205e+00   1.2739349e+02
   1.0584206e+00   1.2732937e+02
   1.0608206e+00   1.2725489e+02
   1.0632207e+00   1.2716959e+02
   1.0656207e+00   1.2707454e+02
   1.0680208e+00   1.2697051e+02
   1.0704208e+00   1.2685355e+02
   1.0728209e+00   1.2671240e+02
   1.0752209e+00   1.2655906e+02
   1.0776209e+00   1.2640594e+03
   1.0800210e+00   1.2625303e+02
   1.0824210e+00   1.2610035e+02
   1.0848211e+00   1.2594788e+02
   1.0872211e+00   1.2579563e+02
   1.0896212e+00   1.2564358e+02
   1.0920212e+00   1.2549173e+02
   1.0944213e+00   1.2534010e+02
   1.0968213e+00   1.2518869e+02
   1.0992214e+00   1.2503748e+02
   1.1016214e+00   1.2488647e+02
   1.1040215e+00   1.2473566e+02
   1.1064215e+00   1.2458507e+02
   1.1088216e+00   1.2443470e+02
   1.1112216e+00   1.2428452e+02
   1.1136216e+00   1.2413455e+02
   1.1160217e+00   1.2398478e+02
   1.1184217e+00   1.2383522e+02
   1.1208218e+00   1.2368588e+02
   1.1232218e+00   1.2353674e+02
   1.1256219e+00   1.2338780e+02
   1.1280219e+00   1.2323906e+02
   1.1304220e+00   1.2309052e+02
   1.1328220e+00   1.2294220e+02
   1.1352221e+00   1.2279409e+02
   1.1376221e+00   1.2264616e+02
   1.1400222e+00   1.2249844e+02
   1.1424222e+00   1.2235092e+02
   1.1448223e+00   1.2220361e+02
   1.1472223e+00   1.2205650e+02
   1.1496223e+00   1.2190959e+02
   1.1520224e+00   1.2176287e+02
   1.1544224e+00   1.2161636e+02
   1.1568225e+00   1.2147006e+02
   1.1592225e+00   1.2132394e+02
   1.1616226e+00   1.2117804e+02
   1.1640226e+00   1.2103233e+02
   1.1664227e+00   1.2088683e+02
   1.1688227e+00   1.2074152e+02
   1.1712228e+00   1.2059641e+02
   1.1736228e+00   1.2045150e+02
   1.1760229e+00   1.2030680e+02
   1.1784229e+00   1.2016229e+02
   1.1808230e+00   1.2001798e+02
   1.1832230e+00   1.1987387e+02
   1.1856230e+00   1.1972996e+02
   1.1880231e+00   1.1958625e+02
   1.1904231e+00   1.1944274e+02
   1.1928232e+00   1.1929942e+02
   1.1952232e+00   1.1915633e+02
   1.1976233e+00   1.1901340e+02
   1.2000233e+00   1.1887068e+02
   1.2024234e+00   1.1872816e+02
   1.2048234e+00   1.1858584e+02
   1.2072235e+00   1.1844371e+02
   1.2096235e+00   1.1830179e+02
   1.2120236e+00   1.1816006e+02
   1.2144236e+00   1.1801853e+02
   1.2168237e+00   1.1787720e+02
   1.2192237e+00   1.1773606e+02
   1.2216237e+00   1.1759512e+02
   1.2240238e+00   1.1745437e+02
   1.2264238e+00   1.1731383e+02
   1.2288239e+00   1.1717347e+02
   1.2312239e+00   1.1703330e+02
   1.2336240e+00   1.1689335e+02
   1.2360240e+00   1.1675358e+02
   1.2384241e+00   1.1661399e+02
   1.2408241e+00   1.1647460e+02
   1.2432242e+00   1.1633542e+02
   1.2456242e+00   1.1619642e+02
   1.2480243e+00   1.1605761e+02
   1.2504243e+00   1.1591899e+02
   1.2528244e+00   1.1578056e+02
   1.2552244e+00   1.1564234e+02
   1.2576244e+00   1.1550430e+02
   1.2600245e+00   1.1536644e+02
   1.2624245e+00   1.1522877e+02
   1.2648246e+00   1.1509130e+02
   1.2672246e+00   1.1495403e+02
   1.2696247e+00   1.1481694e+02
   1.2720247e+00   1.1468003e+02
   1.2744248e+00   1.1454331e+02
   1.2768248e+00   1.1440678e+02
   1.2792249e+00   1.1427046e+02
   1.2816249e+00   1.1413431e+02
   1.2840250e+00   1.1399834e+02
   1.2864250e+00   1.1386256e+02
   1.2888251e+00   1.1372697e+02
   1.2912251e+00   1.1359157e+02
   1.2936251e+00   1.1345636e+02
   1.2960252e+00   1.1332133e+02
   1.2984252e+00   1.1318648e+02
   1.3008253e+00   1.1305181e+02
   1.3032253e+00   1.1291735e+02
   1.3056254e+00   1.1278306e+02
   1.3080254e+00   1.1264895e+02
   1.3104255e+00   1.1251502e+02
   1.3128255e+00   1.1238128e+02
   1.3152256e+00   1.1224773e+02
   1.3176256e+00   1.1211436e+02
   1.3200257e+00   1.1198117e+02
   1.3224257e+00   1.1184815e+02
   1.3248258e+00   1.1171533e+02
   1.3272258e+00   1.1158269e+02
   1.3296258e+00   1.1145023e+02
   1.3320259e+00   1.1131794e+02
   1.3344259e+00   1.1118583e+02
   1.3368260e+00   1.1105391e+02
   1.3392260e+00   1.1092218e+02
   1.3416261e+00   1.1079062e+02
   1.3440261e+00   1.1065924e+02
   1.3464262e+00   1.1052803e+02
   1.3488262e+00   1.1039700e+02
   1.3512263e+00   1.1026617e+02
   1.3536263e+00   1.1013550e+02
   1.3560264e+00   1.1000501e+02
   1.3584264e+00   1.0987469e+02
   1.3608265e+00   1.0974456e+02
   1.3632265e+00   1.0961461e+02
   1.3656265e+00   1.0948483e+02
   1.3680266e+00   1.0935522e+02
   1.3704266e+00   1.0922579e+02
   1.3728267e+00   1.0909653e+02
   1.3752267e+00   1.0896747e+02
   1.3776268e+00   1.0883857e+02
   1.3800268e+00   1.0870984e+02
   1.3824269e+00   1.0858128e+02
   1.3848269e+00   1.0845290e+02
   1.3872270e+00   1.0832470e+02
   1.3896270e+00   1.0819668e+02
   1.3920271e+00   1.0806882e+02
   1.3944271e+00   1.0794113e+02
   1.3968272e+00   1.0781361e+02
   1.3992272e+00   1.0768628e+02
   1.4016272e+00   1.0755912e+02
   1.4040273e+00   1.0743212e+02
   1.4064273e+00   1.0730529e+02
   1.4088274e+00   1.0717864e+02
   1.4112274e+00   1.0705216e+02
   1.4136275e+00   1.0692586e+02
   1.4160275e+00   1.0679971e+02
   1.4184276e+00   1.0667374e+02
   1.4208276e+00   1.0654794e+02
   1.4232277e+00   1.0642231e+02
   1.4256277e+00   1.0629685e+02
   1.4280278e+00   1.0617156e+02
   1.4304278e+00   1.0604643e+02
   1.4328279e+00   1.0592147e+02
   1.4352279e+00   1.0579669e+02
   1.4376279e+00   1.0567207e+02
   1.4400280e+00   1.0554762e+02
   1.4424280e+00   1.0542332e+02
   1.4448281e+00   1.0529920e+02
   1.4472281e+00   1.0517526e+02
   1.4496282e+00   1.0505147e+02
   1.4520282e+00   1.0492785e+02
   1.4544283e+00   1.0480439e+02
   1.4568283e+00   1.0468110e+02
   1.4592284e+00   1.0455798e+02
   1.4616284e+00   1.0443502e+02
   1.4640285e+00   1.0431223e+02
   1.4664285e+00   1.0418959e+02
   1.4688286e+00   1.0406712e+02
   1.4712286e+00   1.0394482e+02
   1.4736286e+00   1.0382269e+02
   1.4760287e+00   1.0370071e+02
   1.4784287e+00   1.0357889e+02
   1.4808288e+00   1.0345723e+02
   1.4832288e+00   1.0333575e+02
   1.4856289e+00   1.0321442e+02
   1.4880289e+00   1.0309326e+02
   1.4904290e+00   1.0297224e+02
   1.4928290e+00   1.0285140e+02
   1.4952291e+00   1.0273072e+02
   1.4976291e+00   1.0261020e+02
   1.5000292e+00   1.0248984e+02
   1.5024292e+00   1.0236963e+02
   1.5048293e+00   1.0224958e+02
   1.5072293e+00   1.0212971e+02
   1.5096293e+00   1.0200998e+02
   1.5120294e+00   1.0189042e+02
   1.5144294e+00   1.0177100e+02
   1.5168295e+00   1.0165175e+02
   1.5192295e+00   1.0153267e+02
   1.5216296e+00   1.0141374e+02
   1.5240296e+00   1.0129496e+02
   1.5264297e+00   1.0117633e+02
   1.5288297e+00   1.0105787e+02
   1.5312298e+00   1.0093957e+02
   1.5336298e+00   1.0082142e+02
   1.5360299e+00   1.0070342e+02
   1.5384299e+00   1.0058558e+02
   1.5408300e+00   1.0046790e+02
   1.5432300e+00   1.0035038e+02
   1.5456300e+00   1.0023300e+02
   1.5480301e+00   1.0011578e+02
   1.5504301e+00   9.9998715e+01
   1.5528302e+00   9.9881804e+01
   1.5552302e+00   9.9765055e+01
   1.5576303e+00   9.9648455e+01
   1.5600303e+00   9.9532003e+01
   1.5624304e+00   9.9415701e+01
   1.5648304e+00   9.9299556e+01
   1.5672305e+00   9.9183572e+01
   1.5696305e+00   9.9067735e+01
   1.5720306e+00   9.8952046e+01
   1.5744306e+00   9.8836504e+01
   1.5768307e+00   9.8721119e+01
   1.5792307e+00   9.8605893e+01
   1.5816307e+00   9.8490813e+01
   1.5840308e+00   9.8375879e+01
   1.5864308e+00   9.8261091e+01
   1.5888309e+00   9.8146459e+01
   1.5912309e+00   9.8031984e+01
   1.5936310e+00   9.7917653e+01
   1.5960310e+00   9.7803468e+01
   1.5984311e+00   9.7689428e+02
   1.6008311e+00   9.7575538e+01
   1.6032312e+00   9.7461801e+01
   1.6056312e+00   9.7348215e+01
   1.6080313e+00   9.7234772e+01
   1.6104313e+00   9.7121480e+01
   1.6128314e+00   9.7008338e+01
   1.6152314e+00   9.6895340e+01
   1.6176314e+00   9.6782494e+01
   1.6200315e+00   9.6669788e+01
   1.6224315e+00   9.6557234e+01
   1.6248316e+00   9.6444828e+01
   1.6272316e+00   9.6332574e+01
   1.6296317e+00   9.6220462e+01
   1.6320317e+00   9.6108496e+01
   1.6344318e+00   9.5996680e+01
   1.6368318e+00   9.5885011e+01
   1.6392319e+00   9.5773478e+01
   1.6416319e+00   9.5662107e+01
   1.6440320e+00   9.5550878e+01
   1.6464320e+00   9.5439791e+01
   1.6488321e+00   9.5328845e+01
   1.6512321e+00   9.5218048e+01
   1.6536321e+00   9.5107407e+01
   1.6560322e+00   9.4996907e+01
   1.6584322e+00   9.4886549e+01
   1.6608323e+00   9.4776332e+01
   1.6632323e+00   9.4666259e+01
   1.6656324e+00   9.4556338e+01
   1.6680324e+00   9.4446566e+01
   1.6704325e+00   9.4336935e+01
   1.6728325e+00   9.4227448e+01
   1.6752326e+00   9.4118103e+01
   1.6776326e+00   9.4008910e+01
   1.6800327e+00   9.3899850e+01
   1.6824327e+00   9.3790946e+01
   1.6848328e+00   9.3682173e+01
   1.6872328e+00   9.3573558e+01
   1.6896328e+00   9.3465082e+01
   1.6920329e+00   9.3356745e+01
   1.6944329e+00   9.3248541e+01
   1.6968330e+00   9.3385412e+01
   1.6992330e+00   9.3989397e+01
   1.7016331e+00   9.4906744e+01
   1.7040331e+00   9.6026694e+01
   1.7064332e+00   9.7262749e+01
   1.7088332e+00   9.8564051e+01
   1.7112333e+00   9.9891925e+01
   1.7136333e+00   1.0122080e+02
   1.7160334e+00   1.0253152e+02
   1.7184334e+00   1.0381359e+02
   1.7208335e+00   1.0506102e+02
   1.7232335e+00   1.0626977e+02
   1.7256335e+00   1.0743345e+02
   1.7280336e+00   1.0855738e+02
   1.7304336e+00   1.0963662e+02
   1.7328337e+00   1.1067122e+02
   1.7352337e+00   1.1166507e+02
   1.7376338e+00   1.1261908e+02
   1.7400338e+00   1.1353430e+02
   1.7424339e+00   1.1440954e+02
   1.7448339e+00   1.1524551e+02
   1.7472340e+00   1.1604633e+03
   1.7496340e+00   1.1681312e+02
   1.7520341e+00   1.1754698e+02
   1.7544341e+00   1.1824703e+02
   1.7568342e+00   1.1891398e+02
   1.7592342e+00   1.1955135e+02
   1.7616342e+00   1.2016011e+02
   1.7640343e+00   1.2074119e+02
   1.7664343e+00   1.2129386e+02
   1.7688344e+00   1.2181870e+02
   1.7712344e+00   1.2231866e+02
   1.7736345e+00   1.2279453e+02
   1.7760345e+00   1.2324707e+02
   1.7784346e+00   1.2367564e+02
   1.7808346e+00   1.2408070e+02
   1.7832347e+00   1.2446471e+02
   1.7856347e+00   1.2482831e+02
   1.7880348e+00   1.2517211e+02
   1.7904348e+00   1.2549552e+02
   1.7928349e+00   1.2579891e+02
   1.7952349e+00   1.2608432e+02
   1.7976349e+00   1.2635228e+02
   1.8000350e+00   1.2660325e+02
   1.8024350e+00   1.2683671e+02
   1.8048351e+00   1.2705291e+02
   1.8072351e+00   1.2725358e+02
   1.8096352e+00   1.2743913e+02
   1.8120352e+00   1.2760993e+02
   1.8144353e+00   1.2776547e+02
   1.8168353e+00   1.2790594e+02
   1.8192354e+00   1.2803281e+02
   1.8216354e+00   1.2814637e+02
   1.8240355e+00   1.2824694e+02
   1.8264355e+00   1.2833400e+02
   1.8288356e+00   1.2840767e+02
   1.8312356e+00   1.2846921e+02
   1.8336356e+00   1.2851886e+02
   1.8360357e+00   1.2855685e+02
   1.8384357e+00   1.2858265e+02
   1.8408358e+00   1.2859635e+02
   1.8432358e+00   1.2859902e+02
   1.8456359e+00   1.2859085e+02
   1.8480359e+00   1.2857198e+02
   1.8504360e+00   1.2854191e+02
   1.8528360e+00   1.2850065e+02
   1.8552361e+00   1.2844916e+02
   1.8576361e+00   1.2838754e+02
   1.8600362e+00   1.2831591e+02
   1.8624362e+00   1.2823373e+02
   1.8648363e+00   1.2814097e+02
   1.8672363e+00   1.2803847e+02
   1.8696363e+00   1.2792643e+02
   1.8720364e+00   1.2779327e+02
   1.8744364e+00   1.2763963e+02
   1.8768365e+00   1.2748527e+02
   1.8792365e+00   1.2733110e+02
   1.8816366e+00   1.2717714e+02
   1.8840366e+00   1.2702337e+02
   1.8864367e+00   1.2686978e+02
   1.8888367e+00   1.2671641e+02
   1.8912368e+00   1.2656322e+02
   1.8936368e+00   1.2641022e+02
   1.8960369e+00   1.2625740e+02
   1.8984369e+00   1.2610479e+02
   1.9008369e+00   1.2595238e+02
   1.9032370e+00   1.2580016e+02
   1.9056370e+00   1.2564812e+02
   1.9080371e+00   1.2549627e+02
   1.9104371e+00   1.2534461e+02
   1.9128372e+00   1.2519316e+02
   1.9152372e+00   1.2504189e+02
   1.9176373e+00   1.2489081e+02
   1.9200373e+00   1.2473991e+02
   1.9224374e+00   1.2458920e+02
   1.9248374e+00   1.2443869e+02
   1.9272375e+00   1.2428836e+02
   1.9296375e+00   1.2413822e+02
   1.9320376e+00   1.2398826e+02
   1.9344376e+00   1.2383849e+02
   1.9368376e+00   1.2368892e+02
   1.9392377e+00   1.2353953e+02
   1.9416377e+00   1.2339032e+02
   1.9440378e+00   1.2324129e+02
   1.9464378e+00   1.2309245e+02
   1.9488379e+00   1.2294381e+02
   1.9512379e+00   1.2279535e+02
   1.9536380e+00   1.2264707e+02
   1.9560380e+00   1.2249896e+02
   1.9584381e+00   1.2235105e+02
   1.9608381e+00   1.2220332e+02
   1.9632382e+00   1.2205578e+02
   1.9656382e+00   1.2190843e+02
   1.9680383e+00   1.2176125e+02
   1.9704383e+00   1.2161427e+02
   1.9728383e+00   1.2146746e+02
   1.9752384e+00   1.2132084e+02
   1.9776384e+00   1.2117440e+02
   1.9800385e+00   1.2102815e+02
   1.9824385e+00   1.2088208e+02
   1.9848386e+00   1.2073619e+02
   1.9872386e+00   1.2059048e+02
   1.9896387e+00   1.2044496e+02
   1.9920387e+00   1.2029963e+02
   1.9944388e+00   1.2015448e+02
   1.9968388e+00   1.2000951e+02
   1.9992389e+00   1.1986473e+02
   2.0016389e+00   1.1972011e+02
   2.0040390e+00   1.1957569e+02
   2.0064390e+00   1.1943145e+02
   2.0088390e+00   1.1928740e+02
   2.0112391e+00   1.1914353e+02
   2.0136391e+00   1.1899984e+02
   2.0160392e+00   1.1885633e+02
   2.0184392e+00   1.1871299e+02
   2.0208393e+00   1.1856985e+02
   2.0232393e+00   1.1842688e+02
   2.0256394e+00   1.1828410e+02
   2.0280394e+00   1.1814150e+02
   2.0304395e+00   1.1799906e+02
   2.0328395e+00   1.1785682e+02
   2.0352396e+00   1.1771476e+02
   2.0376396e+00   1.1757287e+02
   2.0400397e+00   1.1743115e+02
   2.0424397e+00   1.1728962e+02
   2.0448397e+00   1.1714828e+02
   2.0472398e+00   1.1700710e+02
   2.0496398e+00   1.1686610e+02
   2.0520399e+00   1.1672528e+02
   2.0544399e+00   1.1658463e+02
   2.0568400e+00   1.1644417e+02
   2.0592400e+00   1.1630388e+02
   2.0616401e+00   1.1616377e+02
   2.0640401e+00   1.1602382e+02
   2.0664402e+00   1.1588406e+02
   2.0688402e+00   1.1574448e+02
   2.0712403e+00   1.1560507e+02
   2.0736403e+00   1.1546583e+02
   2.0760404e+00   1.1532676e+02
   2.0784404e+00   1.1518787e+02
   2.0808404e+00   1.1504916e+02
   2.0832405e+00   1.1491062e+02
   2.0856405e+00   1.1477225e+02
   2.0880406e+00   1.1463405e+02
   2.0904406e+00   1.1449603e+02
   2.0928407e+00   1.1435819e+02
   2.0952407e+00   1.1422051e+02
   2.0976408e+00   1.1408301e+02
   2.1000408e+00   1.1394567e+02
   2.1024409e+00   1.1380850e+02
   2.1048409e+00   1.1367152e+02
   2.1072410e+00   1.1353471e+02
   2.1096410e+00   1.1339805e+02
   2.1120411e+00   1.1326157e+02
   2.1144411e+00   1.1312526e+02
   2.1168411e+00   1.1298913e+02
   2.1192412e+00   1.1285317e+02
   2.1216412e+00   1.1271737e+02
   2.1240413e+00   1.1258173e+02
   2.1264413e+00   1.1244627e+02
   2.1288414e+00   1.1231098e+02
   2.1312414e+00   1.1217586e+02
   2.1336415e+00   1.1204091e+02
   2.1360415e+00   1.1190611e+02
   2.1384416e+00   1.1177149e+02
   2.1408416e+00   1.1163705e+02
   2.1432417e+00   1.1150277e+02
   2.1456417e+00   1.1136865e+02
   2.1480418e+00   1.1123469e+02
   2.1504418e+00   1.1110090e+02
   2.1528418e+00   1.1096729e+02
   2.1552419e+00   1.1083384e+02
   2.1576419e+00   1.1070055e+02
   2.1600420e+00   1.1056742e+02
   2.1624420e+00   1.1043447e+02
   2.1648421e+00   1.1030168e+02
   2.1672421e+00   1.1016906e+02
   2.1696422e+00   1.1003660e+02
   2.1720422e+00   1.0990429e+02
   2.1744423e+00   1.0977216e+02
   2.1768423e+00   1.0964019e+02
   2.1792424e+00   1.0950839e+02
   2.1816424e+00   1.0937674e+02
   2.1840425e+00   1.0924526e+02
   2.1864425e+00   1.0911394e+02
   2.1888425e+00   1.0898279e+02
   2.1912426e+00   1.0885180e+02
   2.1936426e+00   1.0872097e+02
   2.1960427e+00   1.0859029e+02
   2.1984427e+00   1.0845979e+02
   2.2008428e+00   1.0832945e+02
   2.2032428e+00   1.0819927e+02
   2.2056429e+00   1.0806924e+02
   2.2080429e+00   1.0793937e+02
   2.2104430e+00   1.0780967e+02
   2.2128430e+00   1.0768013e+02
   2.2152431e+00   1.0755075e+02
   2.2176431e+00   1.0742153e+02
   2.2200432e+00   1.0729246e+02
   2.2224432e+00   1.0716356e+02
   2.2248432e+00   1.0703482e+02
   2.2272433e+00   1.0690624e+02
   2.2296433e+00   1.0677781e+02
   2.2320434e+00   1.0664953e+02
   2.2344434e+00   1.0652142e+02
   2.2368435e+00   1.0639348e+02
   2.2392435e+00   1.0626569e+02
   2.2416436e+00   1.0613805e+02
   2.2440436e+00   1.0601056e+02
   2.2464437e+00   1.0588324e+02
   2.2488437e+00   1.0575608e+02
   2.2512438e+00   1.0562907e+02
   2.2536438e+00   1.0550222e+02
   2.2560439e+00   1.0537552e+02
   2.2584439e+00   1.0524898e+02
   2.2608439e+00   1.0512260e+02
   2.2632440e+00   1.0499637e+02
   2.2656440e+00   1.0487030e+02
   2.2680441e+00   1.0474438e+02
   2.2704441e+00   1.0461861e+02
   2.2728442e+00   1.0449301e+02
   2.2752442e+00   1.0436756e+02
   2.2776443e+00   1.0424226e+02
   2.2800443e+00   1.0411711e+02
   2.2824444e+00   1.0399211e+02
   2.2848444e+00   1.0386728e+02
   2.2872445e+00   1.0374260e+02
   2.2896445e+00   1.0361807e+02
   2.2920446e+00   1.0349369e+02
   2.2944446e+00   1.0336946e+02
   2.2968446e+00   1.0324539e+02
   2.2992447e+00   1.0312148e+02
   2.3016447e+00   1.0299771e+02
   2.3040448e+00   1.0287409e+02
   2.3064448e+00   1.0275062e+02
   2.3088449e+00   1.0262732e+02
   2.3112449e+00   1.0250416e+02
   2.3136450e+00   1.0238115e+02
   2.3160450e+00   1.0225828e+02
   2.3184451e+00   1.0213557e+02
   2.3208451e+00   1.0201302e+02
   2.3232452e+00   1.0189062e+02
   2.3256452e+00   1.0176836e+02
   2.3280453e+00   1.0164625e+02
   2.3304453e+00   1.0152429e+02
   2.3328453e+00   1.0140249e+02
   2.3352454e+00   1.0128084e+02
   2.3376454e+00   1.0115933e+02
   2.3400455e+00   1.0103796e+02
   2.3424455e+00   1.0091675e+02
   2.3448456e+00   1.0079570e+02
   2.3472456e+00   1.0067479e+02
   2.3496457e+00   1.0055402e+02
   2.3520457e+00   1.0043340e+02
   2.3544458e+00   1.0031293e+02
   2.3568458e+00   1.0019262e+02
   2.3592459e+00   1.0007244e+02
   2.3616459e+00   9.9952417e+01
   2.3640460e+00   9.9832533e+01
   2.3664460e+00   9.9712800e+01
   2.3688460e+00   9.9593222e+02
   2.3712461e+00   9.9473786e+01
   2.3736461e+00   9.9354492e+01
   2.3760462e+00   9.9235341e+01
   2.3784462e+00   9.9116340e+01
   2.3808463e+00   9.8997493e+01
   2.3832463e+00   9.8878787e+01
   2.3856464e+00   9.8760223e+01
   2.3880464e+00   9.8641800e+01
   2.3904465e+00   9.8523527e+01
   2.3928465e+00   9.8405406e+01
   2.3952466e+00   9.8287426e+01
   2.3976466e+00   9.8169587e+01
   2.4000467e+00   9.8051883e+01
