   0.0000000e+00   9.0883623e+00
   2.4000467e-03   1.5570111e+01
   4.8000933e-03   8.0198515e+00
   7.2001400e-03   1.2588858e+01
   9.6001866e-03   1.2518595e+01
   1.2000233e-02   1.0862850e+01
   1.4400280e-02   9.0462678e+00
   1.6800327e-02   8.6283720e+00
   1.9200373e-02   1.3454882e+01
   2.1600420e-02   1.2057988e+01
   2.4000467e-02   1.8566649e+01
   2.6400513e-02   1.6217267e+01
   2.8800560e-02   2.2245641e+01
   3.1200607e-02   2.2597605e+01
   3.3600653e-02   2.2495255e+01
   3.6000700e-02   2.0201331e+01
   3.8400746e-02   2.9753421e+01
   4.0800793e-02   2.4682729e+01
   4.3200840e-02   3.3237913e+01
   4.5600886e-02   2.8288093e+01
   4.8000933e-02   3.1941987e+01
   5.0400980e-02   3.1334258e+01
   5.2801026e-02   3.9220178e+01
   5.5201073e-02   3.7077243e+01
   5.7601120e-02   3.8264153e+01
   6.0001166e-02   4.7676589e+01
   6.2401213e-02   4.6637578e+01
   6.4801260e-02   5.2579731e+01
   6.7201306e-02   5.2707069e+01
   6.9601353e-02   5.8118729e+01
   7.2001400e-02   5.5118823e+01
   7.4401446e-02   6.7144252e+01
   7.6801493e-02   6.9255847e+01
   7.9201540e-02   7.1987966e+01
   8.1601586e-02   7.6015997e+01
   8.4001633e-02   7.5134007e+01
   8.6401680e-02   8.0961175e+01
   8.8801726e-02   8.4091081e+01
   9.1201773e-02   8.7241494e+01
   9.3601820e-02   8.8351009e+01
   9.6001866e-02   9.1770508e+01
   9.8401913e-02   9.6994435e+01
   1.0080196e-01   9.7392224e+01
   1.0320201e-01   1.0537909e+02
   1.0560205e-01   1.0909931e+02
   1.0800210e-01   1.0120638e+02
   1.1040215e-01   1.0773807e+02
   1.1280219e-01   1.0458679e+02
   1.1520224e-01   1.1296016e+02
   1.1760229e-01   1.1596432e+02
   1.2000233e-01   1.0779826e+02
   1.2240238e-01   1.1751917e+02
   1.2480243e-01   1.0924383e+02
   1.2720247e-01   1.1679080e+02
   1.2960252e-01   1.1863771e+02
   1.3200257e-01   1.1694927e+02
   1.3440261e-01   1.2122758e+02
   1.3680266e-01   1.2209595e+02
   1.3920271e-01   1.2006421e+02
   1.4160275e-01   1.1585090e+02
   1.4400280e-01   1.1728557e+02
   1.4640285e-01   1.1753303e+02
   1.4880289e-01   1.1670608e+02
   1.5120294e-01   1.1790674e+02
   1.5360299e-01   1.2352530e+02
   1.5600303e-01   1.2725451e+02
   1.5840308e-01   1.2187345e+02
   1.6080313e-01   1.2288295e+02
   1.6320317e-01   1.2904544e+02
   1.6560322e-01   1.2906126e+02
   1.6800327e-01   1.2675309e+02
   1.7040331e-01   1.3022885e+02
   1.7280336e-01   1.2835366e+02
   1.7520341e-01   1.2437278e+02
   1.7760345e-01   1.2793154e+02
   1.8000350e-01   1.2403226e+02
   1.8240355e-01   1.2480978e+02
   1.8480359e-01   1.2890374e+02
   1.8720364e-01   1.2761130e+02
   1.8960369e-01   1.2666371e+02
   1.9200373e-01   1.2877266e+02
   1.9440378e-01   1.3043372e+02
   1.9680383e-01   1.2893147e+02
   1.9920387e-01   1.2876743e+02
   2.0160392e-01   1.2922466e+02
   2.0400397e-01   1.2863221e+02
   2.0640401e-01   1.2445071e+02
   2.0880406e-01   1.3091836e+02
   2.1120411e-01   1.3376949e+02
   2.1360415e-01   1.2742620e+02
   2.1600420e-01   1.3365355e+02
   2.1840425e-01   1.2745278e+02
   2.2080429e-01   1.3288950e+02
   2.2320434e-01   1.2859542e+02
   2.2560439e-01   1.2819599e+02
   2.2800443e-01   1.2624065e+02
   2.3040448e-01   1.2530984e+02
   2.3280453e-01   1.2712182e+02
   2.3520457e-01   1.3126265e+02
   2.3760462e-01   1.3178896e+02
   2.4000467e-01   1.3084596e+02
   2.4240471e-01   1.2394310e+02
   2.4480476e-01   1.3220429e+02
   2.4720481e-01   1.3291274e+02
   2.4960485e-01   1.3130650e+02
   2.5200490e-01   1.2392085e+02
   2.5440495e-01   1.2716306e+02
   2.5680499e-01   1.3030204e+02
   2.5920504e-01   1.3042176e+02
   2.6160509e-01   1.2522796e+02
   2.6400513e-01   1.2552435e+02
   2.6640518e-01   1.2940260e+02
   2.6880523e-01   1.2727404e+02
   2.7120527e-01   1.2847613e+02
   2.7360532e-01   1.2424442e+02
   2.7600537e-01   1.2311618e+02
   2.7840541e-01   1.2890922e+02
   2.8080546e-01   1.2735352e+02
   2.8320551e-01   1.2790944e+02
   2.8560555e-01   1.1833766e+02
   2.8800560e-01   1.1760297e+02
   2.9040565e-01   1.1511043e+02
   2.9280569e-01   1.1717359e+02
   2.9520574e-01   1.1220272e+02
   2.9760579e-01   1.1706719e+02
   3.0000583e-01   1.0678720e+02
   3.0240588e-01   1.0377549e+02
   3.0480593e-01   1.0629740e+02
   3.0720597e-01   1.0571340e+02
   3.0960602e-01   9.8253234e+01
   3.1200607e-01   9.3958783e+01
   3.1440611e-01   9.2487097e+01
   3.1680616e-01   8.8028254e+01
   3.1920620e-01   8.7776447e+01
   3.2160625e-01   8.8415076e+01
   3.2400630e-01   8.2255279e+01
   3.2640634e-01   7.3541743e+01
   3.2880639e-01   7.2951388e+01
   3.3120644e-01   6.6076161e+01
   3.3360648e-01   6.7010961e+01
   3.3600653e-01   6.2774778e+01
   3.3840658e-01   6.4894934e+01
   3.4080662e-01   5.9512018e+01
   3.4320667e-01   5.2754023e+01
   3.4560672e-01   5.3378568e+01
   3.4800676e-01   4.2391333e+01
   3.5040681e-01   4.1556427e+01
   3.5280686e-01   4.3642994e+01
   3.5520690e-01   4.0334462e+01
   3.5760695e-01   3.5171771e+01
   3.6000700e-01   3.1187444e+01
   3.6240704e-01   2.5522300e+01
   3.6480709e-01   2.8650999e+01
   3.6720714e-01   1.7866264e+01
   3.6960718e-01   2.1388196e+01
   3.7200723e-01   1.8151624e+01
   3.7440728e-01   1.7812334e+01
   3.7680732e-01   1.1526414e+01
   3.7920737e-01   1.3323177e+01
   3.8160742e-01   1.2655190e+01
   3.8400746e-01   6.1707396e+00
   3.8640751e-01   7.2814456e+00
   3.8880756e-01   1.0520725e+01
   3.9120760e-01   5.3588784e+00
   3.9360765e-01   2.4821528e+00
   3.9600770e-01   4.8704358e+00
   3.9840774e-01   2.0025358e+00
   4.0080779e-01   5.8944447e+00
   4.0320784e-01   2.6197936e+00
   4.0560788e-01   3.6237578e+00
   4.0800793e-01   5.8577210e+00
   4.1040798e-01   8.8386268e+00
   4.1280802e-01   2.5809523e+00
   4.1520807e-01   7.8654009e+00
   4.1760812e-01   7.0545281e+00
   4.2000816e-01   9.3738690e+00
   4.2240821e-01   3.1310790e-01
   4.2480826e-01   3.7168672e+00
   4.2720830e-01   6.9229427e+00
   4.2960835e-01   3.2538244e+00
   4.3200840e-01   2.8784460e+00
   4.3440844e-01   7.8163567e+00
   4.3680849e-01   7.0761780e+00
   4.3920854e-01   6.8569555e+00
   4.4160858e-01   7.6702975e+00
   4.4400863e-01   1.6520351e+00
   4.4640868e-01   4.7706380e+00
   4.4880872e-01   5.8984194e+00
   4.5120877e-01   3.8923922e+00
   4.5360882e-01   8.7278987e+00
   4.5600886e-01   1.0229857e+01
   4.5840891e-01   4.5703373e+00
   4.6080896e-01   9.1497861e+00
   4.6320900e-01   3.2978576e+00
   4.6560905e-01   1.0365081e+01
   4.6800910e-01   3.4587202e+00
   4.7040914e-01   8.0269985e+00
   4.7280919e-01   5.8761427e+00
   4.7520924e-01   1.0349420e+01
   4.7760928e-01   7.3842548e+00
   4.8000933e-01   7.3048204e+00
   4.8240938e-01   1.1239701e+01
   4.8480942e-01   6.0589651e+00
   4.8720947e-01   7.0784001e+00
   4.8960952e-01   1.2273604e+01
   4.9200956e-01   3.1138776e+00
   4.9440961e-01   1.2471421e+01
   4.9680966e-01   4.6832538e+00
   4.9920970e-01   9.5102143e+00
   5.0160975e-01   8.7495788e+00
   5.0400980e-01   9.6810955e+00
   5.0640984e-01   6.5836580e+00
   5.0880989e-01   9.2184209e+00
   5.1120994e-01   1.1168131e+01
   5.1360998e-01   3.2888606e+00
   5.1601003e-01   3.9735800e+00
   5.1841008e-01   1.2920363e+01
   5.2081012e-01   9.7223282e+00
   5.2321017e-01   5.5567249e+00
   5.2561022e-01   7.3137119e+00
   5.2801026e-01   4.5325720e+00
   5.3041031e-01   6.0294706e+00
   5.3281036e-01   5.9554430e+00
   5.3521040e-01   6.7247485e+00
   5.3761045e-01   4.9606957e+00
   5.4001050e-01   6.9479745e+00
   5.4241054e-01   4.7133366e+00
   5.4481059e-01   1.2366475e+01
   5.4721064e-01   4.4952855e+00
   5.4961068e-01   1.2879770e+01
   5.5201073e-01   7.5958421e+00
   5.5441078e-01   4.1053752e+00
   5.5681082e-01   7.0802743e+00
   5.5921087e-01   1.1040860e+01
   5.6161092e-01   1.1652111e+01
   5.6401096e-01   9.1779611e+00
   5.6641101e-01   1.0614290e+01
   5.6881106e-01   1.2711091e+01
   5.7121110e-01   4.3449637e+00
   5.7361115e-01   6.8554722e+00
   5.7601120e-01   4.3021918e+00
   5.7841124e-01   5.8160808e+00
   5.8081129e-01   1.1083640e+01
   5.8321134e-01   1.1119829e+01
   5.8561138e-01   1.2700211e+01
   5.8801143e-01   9.7661446e+00
   5.9041148e-01   4.6679349e+00
   5.9281152e-01   1.3207506e+01
   5.9521157e-01   1.2002453e+01
   5.9761162e-01   6.8765434e+00
   6.0001166e-01   9.4717734e+00
   6.0241171e-01   1.3900701e+01
   6.0481176e-01   1.1227258e+01
   6.0721180e-01   1.2477459e+01
   6.0961185e-01   8.4373762e+00
   6.1201190e-01   8.8277899e+00
   6.1441194e-01   9.7452205e+00
   6.1681199e-01   6.8453236e+00
   6.1921204e-01   1.1660699e+01
   6.2161208e-01   9.2252598e+00
   6.2401213e-01   1.0670144e+01
   6.2641218e-01   7.2949719e+00
   6.2881222e-01   5.6200397e+00
   6.3121227e-01   9.0036137e+00
   6.3361232e-01   7.8873617e+00
   6.3601236e-01   1.2158612e+01
   6.3841241e-01   1.2094974e+01
   6.4081246e-01   1.0991509e+01
   6.4321250e-01   5.6556340e+00
   6.4561255e-01   4.5501822e+00
   6.4801260e-01   9.9469043e+00
   6.5041264e-01   7.3704111e+00
   6.5281269e-01   1.3769895e+01
   6.5521274e-01   1.4198268e+01
   6.5761278e-01   7.2687094e+00
   6.6001283e-01   1.2423846e+01
   6.6241288e-01   1.3389761e+01
   6.6481292e-01   1.0416788e+01
   6.6721297e-01   1.3294436e+01
   6.6961302e-01   1.3904188e+01
   6.7201306e-01   9.9709357e+00
   6.7441311e-01   1.1775586e+01
   6.7681316e-01   1.0271547e+01
   6.7921320e-01   4.7746708e+00
   6.8161325e-01   8.9934096e+00
   6.8401330e-01   1.1003013e+01
   6.8641334e-01   9.7638098e+00
   6.8881339e-01   8.2865877e+00
   6.9121344e-01   1.3946385e+01
   6.9361348e-01   1.2881827e+01
   6.9601353e-01   1.3088715e+01
   6.9841358e-01   8.3344666e+00
   7.0081362e-01   1.0552137e+01
   7.0321367e-01   1.3356890e+01
   7.0561372e-01   1.3977347e+01
   7.0801376e-01   1.1337850e+01
   7.1041381e-01   6.7317580e+00
   7.1281386e-01   1.1213197e+01
   7.1521390e-01   5.4058184e+00
   7.1761395e-01   8.7630860e+00
   7.2001400e-01   1.1375562e+01
   7.2241404e-01   1.4053851e+01
   7.2481409e-01   1.2836362e+01
   7.2721414e-01   9.5825305e+00
   7.2961418e-01   1.2314636e+01
   7.3201423e-01   8.9276378e+00
   7.3441428e-01   1.4484966e+01
   7.3681432e-01   1.4656720e+01
   7.3921437e-01   1.3428242e+01
   7.4161442e-01   8.6853140e+00
   7.4401446e-01   9.3535322e+00
   7.4641451e-01   7.2825527e+00
   7.4881456e-01   1.2669408e+01
   7.5121460e-01   1.3662981e+01
   7.5361465e-01   1.3981072e+01
   7.5601470e-01   1.0436087e+01
   7.5841474e-01   1.0851135e+01
   7.6081479e-01   6.3603726e+00
   7.6321484e-01   1.3877827e+01
   7.6561488e-01   9.3936416e+00
   7.6801493e-01   6.9553803e+00
   7.7041498e-01   1.3904056e+01
   7.7281502e-01   1.2542229e+01
   7.7521507e-01   1.3750004e+01
   7.7761512e-01   7.7833426e+00
   7.8001516e-01   1.1674741e+01
   7.8241521e-01   1.1593862e+01
   7.8481526e-01   6.1877376e+00
   7.8721530e-01   9.0412397e+00
   7.8961535e-01   7.7293288e+00
   7.9201540e-01   1.2151505e+01
   7.9441544e-01   7.8269453e+00
   7.9681549e-01   1.3963330e+01
   7.9921554e-01   1.3275316e+01
   8.0161558e-01   8.9434536e+00
   8.0401563e-01   1.0163937e+01
   8.0641568e-01   1.2387009e+01
   8.0881572e-01   1.4150646e+01
   8.1121577e-01   1.2389645e+01
   8.1361582e-01   1.2640506e+01
   8.1601586e-01   1.0869909e+01
   8.1841591e-01   1.3001833e+01
   8.2081596e-01   1.6514023e+01
   8.2321600e-01   1.9275987e+01
   8.2561605e-01   1.8812337e+01
   8.2801610e-01   1.3068290e+01
   8.3041614e-01   2.1016855e+01
   8.3281619e-01   2.0157692e+01
   8.3521624e-01   2.1752560e+01
   8.3761628e-01   2.0261644e+01
   8.4001633e-01   2.9055134e+01
   8.4241638e-01   2.6075133e+01
   8.4481642e-01   2.7319024e+01
   8.4721647e-01   3.0411923e+01
   8.4961652e-01   3.2966086e+01
   8.5201656e-01   3.6993776e+01
   8.5441661e-01   3.9560225e+01
   8.5681666e-01   4.0415340e+01
   8.5921670e-01   4.3043474e+01
   8.6161675e-01   4.6900743e+01
   8.6401680e-01   5.1102318e+01
   8.6641684e-01   5.6903812e+01
   8.6881689e-01   5.7566270e+01
   8.7121694e-01   5.7372259e+01
   8.7361698e-01   6.4795697e+01
   8.7601703e-01   6.1006240e+01
   8.7841708e-01   6.3520358e+01
   8.8081712e-01   6.7088182e+01
   8.8321717e-01   7.1276406e+01
   8.8561722e-01   7.6343341e+01
   8.8801726e-01   7.9642904e+01
   8.9041731e-01   8.0325138e+01
   8.9281736e-01   8.9245648e+01
   8.9521740e-01   8.8491943e+01
   8.9761745e-01   9.2413474e+01
   9.0001750e-01   1.0006589e+02
   9.0241754e-01   1.0469442e+02
   9.0481759e-01   1.0784007e+02
   9.0721764e-01   1.0554365e+02
   9.0961768e-01   1.1133785e+02
   9.1201773e-01   1.0828488e+02
   9.1441778e-01   1.0916198e+02
   9.1681782e-01   1.0847999e+02
   9.1921787e-01   1.1055240e+02
   9.2161792e-01   1.1218832e+02
   9.2401796e-01   1.0893619e+02
   9.2641801e-01   1.1801280e+02
   9.2881806e-01   1.1064716e+02
   9.3121810e-01   1.1518183e+02
   9.3361815e-01   1.1986805e+02
   9.3601820e-01   1.1629363e+02
   9.3841824e-01   1.1919618e+02
   9.4081829e-01   1.2192767e+02
   9.4321833e-01   1.2324989e+02
   9.4561838e-01   1.2431571e+02
   9.4801843e-01   1.1750137e+02
   9.5041847e-01   1.1874113e+02
   9.5281852e-01   1.2566849e+02
   9.5521857e-01   1.2313025e+02
   9.5761861e-01   1.2271757e+02
   9.6001866e-01   1.2426631e+02
   9.6241871e-01   1.2676875e+02
   9.6481875e-01   1.2430685e+02
   9.6721880e-01   1.2139879e+02
   9.6961885e-01   1.2428656e+02
   9.7201889e-01   1.2437647e+02
   9.7441894e-01   1.3008835e+02
   9.7681899e-01   1.2693937e+02
   9.7921903e-01   1.2798384e+02
   9.8161908e-01   1.2850522e+02
   9.8401913e-01   1.2502915e+02
   9.8641917e-01   1.2697020e+02
   9.8881922e-01   1.2759061e+02
   9.9121927e-01   1.2379483e+02
   9.9361931e-01   1.2804153e+02
   9.9601936e-01   1.2954534e+02
   9.9841941e-01   1.2702384e+02
   1.0008195e+00   1.3126936e+02
   1.0032195e+00   1.3035291e+02
   1.0056195e+00   1.2675844e+02
   1.0080196e+00   1.2780636e+02
   1.0104196e+00   1.2722156e+02
   1.0128197e+00   1.3119368e+02
   1.0152197e+00   1.3084798e+02
   1.0176198e+00   1.2786331e+02
   1.0200198e+00   1.3054169e+02
   1.0224199e+00   1.3308852e+02
   1.0248199e+00   1.3149924e+02
   1.0272200e+00   1.3072107e+02
   1.0296200e+00   1.2475633e+02
   1.0320201e+00   1.2754928e+02
   1.0344201e+00   1.2953552e+02
   1.0368202e+00   1.2818601e+02
   1.0392202e+00   1.2405015e+02
   1.0416202e+00   1.2577811e+02
   1.0440203e+00   1.3176767e+02
   1.0464203e+00   1.2350693e+02
   1.0488204e+00   1.3190214e+02
   1.0512204e+00   1.2394965e+02
   1.0536205e+00   1.2975374e+02
   1.0560205e+00   1.2795026e+02
   1.0584206e+00   1.2500347e+02
   1.0608206e+00   1.2840525e+02
   1.0632207e+00   1.2376623e+02
   1.0656207e+00   1.2910189e+02
   1.0680208e+00   1.2822332e+02
   1.0704208e+00   1.2256777e+02
   1.0728209e+00   1.2225296e+02
   1.0752209e+00   1.2274746e+02
   1.0776209e+00   1.2075565e+02
   1.0800210e+00   1.2405243e+02
   1.0824210e+00   1.2697493e+02
   1.0848211e+00   1.2358867e+02
   1.0872211e+00   1.2118841e+02
   1.0896212e+00   1.2302602e+02
   1.0920212e+00   1.1359697e+02
   1.0944213e+00   1.1976002e+02
   1.0968213e+00   1.0964795e+02
   1.0992214e+00   1.1147468e+02
   1.1016214e+00   1.0532848e+02
   1.1040215e+00   1.0694514e+02
   1.1064215e+00   9.8713158e+01
   1.1088216e+00   1.0352006e+02
   1.1112216e+00   1.0141401e+02
   1.1136216e+00   9.9065175e+01
   1.1160217e+00   9.6641920e+01
   1.1184217e+00   8.8608023e+01
   1.1208218e+00   8.2975224e+01
   1.1232218e+00   7.7908583e+01
   1.1256219e+00   7.8565222e+01
   1.1280219e+00   7.5884058e+01
   1.1304220e+00   7.4162152e+01
   1.1328220e+00   6.3844263e+01
   1.1352221e+00   6.6100699e+01
   1.1376221e+00   6.1123707e+01
   1.1400222e+00   5.4142984e+01
   1.1424222e+00   5.8318471e+01
   1.1448223e+00   5.1372214e+01
   1.1472223e+00   4.6450845e+01
   1.1496223e+00   4.8093437e+01
   1.1520224e+00   4.1925629e+01
   1.1544224e+00   3.6656019e+01
   1.1568225e+00   3.7393087e+01
   1.1592225e+00   3.1265942e+01
   1.1616226e+00   2.8534597e+01
   1.1640226e+00   2.6967692e+01
   1.1664227e+00   2.1132180e+01
   1.1688227e+00   1.7277610e+01
   1.1712228e+00   1.8237357e+01
   1.1736228e+00   1.8851881e+01
   1.1760229e+00   1.2250754e+01
   1.1784229e+00   7.5374713e+00
   1.1808230e+00   9.2771676e+00
   1.1832230e+00   6.4441434e+00
   1.1856230e+00   6.2209486e+00
   1.1880231e+00   9.4644281e+00
   1.1904231e+00   4.2527049e+00
   1.1928232e+00   3.3751632e+00
   1.1952232e+00   2.5366931e+00
   1.1976233e+00  -2.5248061e-02
   1.2000233e+00   1.0331322e+00
   1.2024234e+00  -6.0883398e-01
   1.2048234e+00   3.0459511e+00
   1.2072235e+00   1.5443505e+00
   1.2096235e+00   2.1571116e+00
   1.2120236e+00   3.6313483e+00
   1.2144236e+00   7.6762133e-01
   1.2168237e+00   4.7106350e+00
   1.2192237e+00   7.0011989e+00
   1.2216237e+00   2.5422315e+00
   1.2240238e+00   8.1201266e+00
   1.2264238e+00   1.1659234e+00
   1.2288239e+00   4.5135023e+00
   1.2312239e+00   7.5243663e-01
   1.2336240e+00   3.0628008e+00
   1.2360240e+00   1.0013360e+00
   1.2384241e+00   3.0074521e+00
   1.2408241e+00   2.6626729e+00
   1.2432242e+00   4.0357929e+00
   1.2456242e+00   3.2167711e+00
   1.2480243e+00   2.9629708e+00
   1.2504243e+00   7.6699680e+00
   1.2528244e+00   1.0792274e+01
   1.2552244e+00   1.1272161e+01
   1.2576244e+00   4.1834267e+00
   1.2600245e+00   6.8882186e+00
   1.2624245e+00   5.9083883e+00
   1.2648246e+00   7.4696593e+00
   1.2672246e+00   4.9610808e+00
   1.2696247e+00   3.0737018e+00
   1.2720247e+00   6.8285733e+00
   1.2744248e+00   4.2765178e+00
   1.2768248e+00   2.8692222e+00
   1.2792249e+00   1.2222658e+01
   1.2816249e+00   7.0474111e+00
   1.2840250e+00   1.2420543e+01
   1.2864250e+00   1.0490642e+01
   1.2888251e+00   2.9995250e+00
   1.2912251e+00   9.7840305e+00
   1.2936251e+00   1.0099048e+01
   1.2960252e+00   9.5450881e+00
   1.2984252e+00   8.6695912e+00
   1.3008253e+00   5.3786818e+00
   1.3032253e+00   1.0970817e+01
   1.3056254e+00   5.5756351e+00
   1.3080254e+00   7.0508904e+00
   1.3104255e+00   1.2297171e+01
   1.3128255e+00   1.1996020e+01
   1.3152256e+00   7.4997202e+00
   1.3176256e+00   6.6976182e+00
   1.3200257e+00   9.6447763e+00
   1.3224257e+00   1.2700364e+01
   1.3248258e+00   1.2728362e+01
   1.3272258e+00   9.5912991e+00
   1.3296258e+00   7.0381645e+00
   1.3320259e+00   1.2279337e+01
   1.3344259e+00   8.2081190e+00
   1.3368260e+00   1.2862307e+01
   1.3392260e+00   4.1843547e+00
   1.3416261e+00   9.2099203e+00
   1.3440261e+00   1.1083038e+01
   1.3464262e+00   5.7428316e+00
   1.3488262e+00   7.3462178e+00
   1.3512263e+00   5.8884377e+00
   1.3536263e+00   7.2604168e+00
   1.3560264e+00   8.1089874e+00
   1.3584264e+00   9.5848177e+00
   1.3608265e+00   4.6147221e+00
   1.3632265e+00   9.6822997e+00
   1.3656265e+00   6.9302544e+00
   1.3680266e+00   6.6238564e+00
   1.3704266e+00   6.6665421e+00
   1.3728267e+00   5.8024782e+00
   1.3752267e+00   1.3850393e+01
   1.3776268e+00   1.3667790e+01
   1.3800268e+00   1.2522881e+01
   1.3824269e+00   1.1642543e+01
   1.3848269e+00   6.1418455e+00
   1.3872270e+00   8.0108672e+00
   1.3896270e+00   6.3181509e+00
   1.3920271e+00   4.4650041e+00
   1.3944271e+00   7.6396695e+00
   1.3968272e+00   1.1493775e+01
   1.3992272e+00   1.0771969e+01
   1.4016272e+00   9.9715676e+00
   1.4040273e+00   8.9525697e+00
   1.4064273e+00   7.4574539e+00
   1.4088274e+00   9.6204793e+00
   1.4112274e+00   1.2239785e+01
   1.4136275e+00   1.2268594e+01
   1.4160275e+00   1.0425026e+01
   1.4184276e+00   1.2160817e+01
   1.4208276e+00   1.1159017e+01
   1.4232277e+00   5.9551142e+00
   1.4256277e+00   9.7859330e+00
   1.4280278e+00   8.2333961e+00
   1.4304278e+00   5.7008868e+00
   1.4328279e+00   6.2763229e+00
   1.4352279e+00   6.7977373e+00
   1.4376279e+00   1.1556769e+01
   1.4400280e+00   9.1670221e+00
   1.4424280e+00   1.1813616e+01
   1.4448281e+00   7.4549044e+00
   1.4472281e+00   5.0019447e+00
   1.4496282e+00   1.0244323e+01
   1.4520282e+00   7.7323847e+00
   1.4544283e+00   1.4417581e+01
   1.4568283e+00   1.4036362e+01
   1.4592284e+00   8.9152609e+00
   1.4616284e+00   5.2533056e+00
   1.4640285e+00   1.1735314e+01
   1.4664285e+00   1.3408703e+01
   1.4688286e+00   1.4767895e+01
   1.4712286e+00   5.6379816e+00
   1.4736286e+00   9.5875111e+00
   1.4760287e+00   1.0924464e+01
   1.4784287e+00   1.1981498e+01
   1.4808288e+00   1.2324672e+01
   1.4832288e+00   1.1645841e+01
   1.4856289e+00   1.2429545e+01
   1.4880289e+00   8.9137224e+00
   1.4904290e+00   1.1005794e+01
   1.4928290e+00   6.3657614e+00
   1.4952291e+00   5.7955993e+00
   1.4976291e+00   1.5031074e+01
   1.5000292e+00   8.0959148e+00
   1.5024292e+00   1.1211566e+01
   1.5048293e+00   1.4897464e+01
   1.5072293e+00   7.1475528e+00
   1.5096293e+00   7.2339798e+00
   1.5120294e+00   8.7337308e+00
   1.5144294e+00   1.4659875e+01
   1.5168295e+00   9.2510705e+00
   1.5192295e+00   8.0899545e+00
   1.5216296e+00   6.8905527e+00
   1.5240296e+00   9.3553683e+00
   1.5264297e+00   9.1446070e+00
   1.5288297e+00   6.7215317e+00
   1.5312298e+00   9.7736938e+00
   1.5336298e+00   6.3512285e+00
   1.5360299e+00   1.1595086e+01
   1.5384299e+00   5.5712369e+00
   1.5408300e+00   1.1206585e+01
   1.5432300e+00   1.3383721e+01
   1.5456300e+00   7.8524440e+00
   1.5480301e+00   9.9912419e+00
   1.5504301e+00   1.1216810e+01
   1.5528302e+00   6.1493373e+00
   1.5552302e+00   1.0510217e+01
   1.5576303e+00   1.1982403e+01
   1.5600303e+00   7.7837498e+00
   1.5624304e+00   1.3953418e+01
   1.5648304e+00   1.5305283e+01
   1.5672305e+00   1.4069851e+01
   1.5696305e+00   1.0677630e+01
   1.5720306e+00   8.4178279e+00
   1.5744306e+00   1.3106604e+01
   1.5768307e+00   8.0210144e+00
   1.5792307e+00   1.5236361e+01
   1.5816307e+00   1.1876633e+01
   1.5840308e+00   1.1687704e+01
   1.5864308e+00   7.4221044e+00
   1.5888309e+00   6.6104266e+00
   1.5912309e+00   8.2704038e+00
   1.5936310e+00   1.4314239e+01
   1.5960310e+00   1.4849885e+01
   1.5984311e+00   1.2746163e+01
   1.6008311e+00   1.3018824e+01
   1.6032312e+00   8.1740299e+00
   1.6056312e+00   1.1859620e+01
   1.6080313e+00   1.4538990e+01
   1.6104313e+00   1.0923561e+01
   1.6128314e+00   1.7340370e+01
   1.6152314e+00   9.0400470e+00
   1.6176314e+00   1.2152899e+01
   1.6200315e+00   1.4969652e+01
   1.6224315e+00   1.1491965e+01
   1.6248316e+00   1.9286754e+01
   1.6272316e+00   1.8855500e+01
   1.6296317e+00   1.9951687e+01
   1.6320317e+00   2.4435331e+01
   1.6344318e+00   2.6312368e+01
   1.6368318e+00   2.7312895e+01
   1.6392319e+00   2.4398076e+01
   1.6416319e+00   2.7655262e+01
   1.6440320e+00   3.2669055e+01
   1.6464320e+00   2.8358373e+01
   1.6488321e+00   3.0568011e+01
   1.6512321e+00   3.4481006e+01
   1.6536321e+00   3.9443370e+01
   1.6560322e+00   4.6430693e+01
   1.6584322e+00   4.6405981e+01
   1.6608323e+00   4.5106832e+01
   1.6632323e+00   4.7678013e+01
   1.6656324e+00   5.6132628e+01
   1.6680324e+00   5.9698036e+01
   1.6704325e+00   6.0006584e+01
   1.6728325e+00   5.9279453e+01
   1.6752326e+00   6.0800455e+01
   1.6776326e+00   7.1563148e+01
   1.6800327e+00   7.2361027e+01
   1.6824327e+00   7.9403741e+01
   1.6848328e+00   7.4002665e+01
   1.6872328e+00   8.2778943e+01
   1.6896328e+00   8.3383256e+01
   1.6920329e+00   9.2466000e+01
   1.6944329e+00   8.9806699e+01
   1.6968330e+00   9.5769973e+01
   1.6992330e+00   9.8124050e+01
   1.7016331e+00   1.0483905e+02
   1.7040331e+00   1.0536964e+02
   1.7064332e+00   1.0244650e+02
   1.7088332e+00   1.0511668e+02
   1.7112333e+00   1.0468099e+02
   1.7136333e+00   1.1134304e+02
   1.7160334e+00   1.1151945e+02
   1.7184334e+00   1.0860893e+02
   1.7208335e+00   1.0942323e+02
   1.7232335e+00   1.1368580e+02
   1.7256335e+00   1.1892915e+02
   1.7280336e+00   1.1625033e+02
   1.7304336e+00   1.1189452e+02
   1.7328337e+00   1.1289924e+02
   1.7352337e+00   1.2117087e+02
   1.7376338e+00   1.1835958e+02
   1.7400338e+00   1.1836541e+02
   1.7424339e+00   1.2309549e+02
   1.7448339e+00   1.1946995e+02
   1.7472340e+00   1.2175007e+02
   1.7496340e+00   1.2411512e+02
   1.7520341e+00   1.2625874e+02
   1.7544341e+00   1.2134906e+02
   1.7568342e+00   1.2505491e+02
   1.7592342e+00   1.2876987e+02
   1.7616342e+00   1.2022592e+02
   1.7640343e+00   1.2575889e+02
   1.7664343e+00   1.2442709e+02
   1.7688344e+00   1.2375666e+02
   1.7712344e+00   1.2366058e+02
   1.7736345e+00   1.2894734e+02
   1.7760345e+00   1.3163034e+02
   1.7784346e+00   1.2384289e+02
   1.7808346e+00   1.3006847e+02
   1.7832347e+00   1.2447762e+02
   1.7856347e+00   1.3268912e+02
   1.7880348e+00   1.3101778e+02
   1.7904348e+00   1.2745025e+02
   1.7928349e+00   1.3069288e+02
   1.7952349e+00   1.2856913e+02
   1.7976349e+00   1.3184231e+02
   1.8000350e+00   1.2747013e+02
   1.8024350e+00   1.2477541e+02
   1.8048351e+00   1.3007632e+02
   1.8072351e+00   1.3337858e+02
   1.8096352e+00   1.2631183e+02
   1.8120352e+00   1.2878277e+02
   1.8144353e+00   1.3202255e+02
   1.8168353e+00   1.2498171e+02
   1.8192354e+00   1.3410027e+02
   1.8216354e+00   1.3230939e+02
   1.8240355e+00   1.3028517e+02
   1.8264355e+00   1.2654789e+02
   1.8288356e+00   1.2968966e+02
   1.8312356e+00   1.2987862e+02
   1.8336356e+00   1.3462201e+02
   1.8360357e+00   1.3319709e+02
   1.8384357e+00   1.3423067e+02
   1.8408358e+00   1.3134317e+02
   1.8432358e+00   1.2852588e+02
   1.8456359e+00   1.3376786e+02
   1.8480359e+00   1.2913031e+02
   1.8504360e+00   1.2656042e+02
   1.8528360e+00   1.2810205e+02
   1.8552361e+00   1.3107700e+02
   1.8576361e+00   1.2948938e+02
   1.8600362e+00   1.3133819e+02
   1.8624362e+00   1.3358475e+02
   1.8648363e+00   1.3310218e+02
   1.8672363e+00   1.2866709e+02
   1.8696363e+00   1.3276597e+02
   1.8720364e+00   1.2399158e+02
   1.8744364e+00   1.2294254e+02
   1.8768365e+00   1.2487270e+02
   1.8792365e+00   1.2683612e+02
   1.8816366e+00   1.2534447e+02
   1.8840366e+00   1.2786941e+02
   1.8864367e+00   1.2291082e+02
   1.8888367e+00   1.2026918e+02
   1.8912368e+00   1.1965250e+02
   1.8936368e+00   1.1946013e+02
   1.8960369e+00   1.1045209e+02
   1.8984369e+00   1.1608049e+02
   1.9008369e+00   1.0712259e+02
   1.9032370e+00   1.0796873e+02
   1.9056370e+00   1.0310644e+02
   1.9080371e+00   1.0145847e+02
   1.9104371e+00   1.0149184e+02
   1.9128372e+00   9.3561222e+01
   1.9152372e+00   9.1546769e+01
   1.9176373e+00   8.7546870e+01
   1.9200373e+00   8.4242366e+01
   1.9224374e+00   8.2214475e+01
   1.9248374e+00   8.4341280e+01
   1.9272375e+00   7.6793783e+01
   1.9296375e+00   7.2630463e+01
   1.9320376e+00   6.6864456e+01
   1.9344376e+00   7.1226113e+01
   1.9368376e+00   6.2071501e+01
   1.9392377e+00   6.2908816e+01
   1.9416377e+00   5.7101447e+01
   1.9440378e+00   5.1226103e+01
   1.9464378e+00   5.2784195e+01
   1.9488379e+00   4.8466986e+01
   1.9512379e+00   4.1934351e+01
   1.9536380e+00   4.2160932e+01
   1.9560380e+00   3.9821512e+01
   1.9584381e+00   3.2040019e+01
   1.9608381e+00   2.8101398e+01
   1.9632382e+00   2.7849675e+01
   1.9656382e+00   2.8150046e+01
   1.9680383e+00   2.3524915e+01
   1.9704383e+00   1.7793723e+01
   1.9728383e+00   1.9025125e+01
   1.9752384e+00   1.9121646e+01
   1.9776384e+00   1.3160430e+01
   1.9800385e+00   1.1496130e+01
   1.9824385e+00   7.7484704e+00
   1.9848386e+00   4.0553500e+00
   1.9872386e+00   4.0296238e+00
   1.9896387e+00   2.1695007e+00
   1.9920387e+00   5.0731177e+00
   1.9944388e+00  -8.8101938e-02
   1.9968388e+00   8.5553344e+00
   1.9992389e+00   5.6248882e+00
   2.0016389e+00  -7.8503345e-01
   2.0040390e+00  -2.8371252e-01
   2.0064390e+00   1.7186320e+00
   2.0088390e+00   4.3955529e+00
   2.0112391e+00   1.3215326e+00
   2.0136391e+00   3.2969968e-01
   2.0160392e+00   7.6998676e+00
   2.0184392e+00   4.1488708e+00
   2.0208393e+00   8.5825823e+00
   2.0232393e+00   5.3085825e+00
   2.0256394e+00   5.4641590e+00
   2.0280394e+00   1.7411089e+00
   2.0304395e+00   1.8898000e+00
   2.0328395e+00   2.4428209e+00
   2.0352396e+00   7.6048127e+00
   2.0376396e+00   4.2027668e+00
   2.0400397e+00   1.0328220e+01
   2.0424397e+00   1.0604267e+01
   2.0448397e+00   1.1781026e+01
   2.0472398e+00   7.1424059e+00
   2.0496398e+00   4.5609424e+00
   2.0520399e+00   4.7204715e+00
   2.0544399e+00   7.9228764e+00
   2.0568400e+00   1.0268893e+01
   2.0592400e+00   6.2129075e+00
   2.0616401e+00   7.4357849e+00
   2.0640401e+00   9.2998684e+00
   2.0664402e+00   1.2160053e+01
   2.0688402e+00   4.6794669e+00
   2.0712403e+00   1.0294492e+01
   2.0736403e+00   8.9873858e+00
   2.0760404e+00   7.6124197e+00
   2.0784404e+00   1.2188835e+01
   2.0808404e+00   7.3415159e+00
   2.0832405e+00   5.2632386e+00
   2.0856405e+00   9.8672992e+00
   2.0880406e+00   9.8325190e+00
   2.0904406e+00   6.9285287e+00
   2.0928407e+00   1.1733468e+01
   2.0952407e+00   1.3751623e+01
   2.0976408e+00   1.3618052e+01
   2.1000408e+00   5.1285309e+00
   2.1024409e+00   6.2288974e+00
   2.1048409e+00   4.1896401e+00
   2.1072410e+00   1.0073123e+01
   2.1096410e+00   5.1510900e+00
   2.1120411e+00   8.1605614e+00
   2.1144411e+00   1.2968456e+01
   2.1168411e+00   9.6495205e+00
   2.1192412e+00   7.8976535e+00
   2.1216412e+00   6.3294805e+00
   2.1240413e+00   8.6928606e+00
   2.1264413e+00   1.3881790e+01
   2.1288414e+00   5.5955050e+00
   2.1312414e+00   9.0974266e+00
   2.1336415e+00   1.2992470e+01
   2.1360415e+00   4.8903202e+00
   2.1384416e+00   1.1404758e+01
   2.1408416e+00   1.4309653e+01
   2.1432417e+00   7.3830609e+00
   2.1456417e+00   5.9180885e+00
   2.1480418e+00   1.1462325e+01
   2.1504418e+00   1.3732650e+01
   2.1528418e+00   1.0774714e+01
   2.1552419e+00   1.3693191e+01
   2.1576419e+00   6.6544781e+00
   2.1600420e+00   1.2290623e+01
   2.1624420e+00   8.2346678e+00
   2.1648421e+00   8.9834566e+00
   2.1672421e+00   6.3790603e+00
   2.1696422e+00   1.3036061e+01
   2.1720422e+00   1.1119034e+01
   2.1744423e+00   1.2278686e+01
   2.1768423e+00   1.2967036e+01
   2.1792424e+00   5.6105654e+00
   2.1816424e+00   1.4468278e+01
   2.1840425e+00   9.9578023e+00
   2.1864425e+00   1.2554761e+01
   2.1888425e+00   1.2448240e+01
   2.1912426e+00   1.3356031e+01
   2.1936426e+00   6.6299687e+00
   2.1960427e+00   9.6579310e+00
   2.1984427e+00   1.1285412e+01
   2.2008428e+00   1.4445478e+01
   2.2032428e+00   1.3493472e+01
   2.2056429e+00   1.4115486e+01
   2.2080429e+00   1.1004821e+01
   2.2104430e+00   1.1025204e+01
   2.2128430e+00   1.3764815e+01
   2.2152431e+00   5.5817790e+00
   2.2176431e+00   1.4104643e+01
   2.2200432e+00   9.3448310e+00
   2.2224432e+00   5.6481759e+00
   2.2248432e+00   1.2762422e+01
   2.2272433e+00   6.8655965e+00
   2.2296433e+00   6.7725421e+00
   2.2320434e+00   1.1408989e+01
   2.2344434e+00   7.9099275e+00
   2.2368435e+00   8.6221653e+00
   2.2392435e+00   9.4138409e+00
   2.2416436e+00   9.4747819e+00
   2.2440436e+00   9.2878897e+00
   2.2464437e+00   1.1538732e+01
   2.2488437e+00   7.1241624e+00
   2.2512438e+00   7.3505425e+00
   2.2536438e+00   6.4301055e+00
   2.2560439e+00   8.7297064e+00
   2.2584439e+00   1.3207665e+01
   2.2608439e+00   7.8665528e+00
   2.2632440e+00   1.2942547e+01
   2.2656440e+00   1.2480440e+01
   2.2680441e+00   1.3806249e+01
   2.2704441e+00   1.3858295e+01
   2.2728442e+00   8.5250918e+00
   2.2752442e+00   8.6978540e+00
   2.2776443e+00   1.0847067e+01
   2.2800443e+00   8.8822263e+00
   2.2824444e+00   1.3959983e+01
   2.2848444e+00   1.3756682e+01
   2.2872445e+00   1.1235760e+01
   2.2896445e+00   8.3073305e+00
   2.2920446e+00   1.2495136e+01
   2.2944446e+00   8.0376546e+00
   2.2968446e+00   1.0276891e+01
   2.2992447e+00   9.5696976e+00
   2.3016447e+00   1.1121313e+01
   2.3040448e+00   1.5663486e+01
   2.3064448e+00   1.3309678e+01
   2.3088449e+00   1.5572922e+01
   2.3112449e+00   8.1269848e+00
   2.3136450e+00   1.1075421e+01
   2.3160450e+00   6.3147501e+00
   2.3184451e+00   1.3379587e+01
   2.3208451e+00   1.1840954e+01
   2.3232452e+00   1.4403061e+01
   2.3256452e+00   1.5724256e+01
   2.3280453e+00   1.5146335e+01
   2.3304453e+00   9.9565350e+00
   2.3328453e+00   5.8745848e+00
   2.3352454e+00   1.1289637e+01
   2.3376454e+00   7.9677424e+00
   2.3400455e+00   8.0927556e+00
   2.3424455e+00   9.1673617e+00
   2.3448456e+00   6.8780678e+00
   2.3472456e+00   1.3403089e+01
   2.3496457e+00   1.3421925e+01
   2.3520457e+00   1.1378820e+01
   2.3544458e+00   9.3360392e+00
   2.3568458e+00   1.4286844e+01
   2.3592459e+00   1.1497929e+01
   2.3616459e+00   1.5556248e+01
   2.3640460e+00   1.4917671e+01
   2.3664460e+00   9.5628000e+00
   2.3688460e+00   1.1470114e+01
   2.3712461e+00   9.4811579e+00
   2.3736461e+00   1.2250527e+01
   2.3760462e+00   1.3996820e+01
   2.3784462e+00   1.3497306e+01
   2.3808463e+00   7.3018125e+00
   2.3832463e+00   1.4278201e+01
   2.3856464e+00   6.3134944e+00
   2.3880464e+00   1.0213925e+01
   2.3904465e+00   1.3391272e+01
   2.3928465e+00   1.3898413e+01
   2.3952466e+00   9.7649275e+00
   2.3976466e+00   1.3548064e+01
   2.4000467e+00   1.5029306e+01
